atom 0

computational problem
263 26	266 23	268 21
string
387 7	464 10	464 14	467 7	467 11	500 12	505 7
atom 1

atom 2

alphabet
8 8	111 11	111 8
symbols
33 6	57 18	57 15	61 11	61 14	66 6	66 9
atom 3

alphabet
9 8	131 8	131 11	199 11	199 8
symbols
34 7	63 13	69 7	262 15	266 11	270 7
atom 4

alphabet
10 8	140 9
symbols
37 7
atom 5

alphabet
6 11	9 8
symbols
192 15	192 18	197 10	197 13	200 10	200 7
string
181 15	181 10	181 18	185 6	185 11	185 14
atom 6

string
55 12	55 7	216 8	216 13	218 11	218 6
atom 7

string
61 7	61 12	184 7	272 10	272 15	275 7	275 12
atom 8

language
231 9
string
307 8	309 6
atom 9

symbols
68 13	68 10	71 7	71 10
atom 10

word
42 11	45 8	49 4
atom 11

alphabet
13 14	16 11	19 8
symbols
126 7
string
76 7	76 12
atom 12

word
74 5
atom 13

word
80 5
atom 14

word
13 9	17 5	159 8	163 4
atom 15

alphabet
58 11	61 8
string
185 10	185 7
atom 16

string
71 13	74 10	78 6
atom 17

atom 18

atom 19

atom 20

string
95 13	98 10	102 6
atom 21

atom 22

atom 23

atom 24

word
83 11	86 8	90 4
atom 25

atom 26

string
0 14	4 10	8 6
atom 27

string
7 13	12 8	14 6	47 9	50 6	74 16	78 12	83 7
atom 28

substring
21 14	21 17	24 14	24 11	26 9	26 12	60 11	60 14	62 12	62 9	107 21	107 24	110 18	110 21	113 18	113 15	117 14	117 11	119 12	119 9
string
0 10	4 6
atom 29

alphabet
82 17	87 12	91 8
atom 30

language
83 13	86 10	88 8
alphabet
13 14	16 11	19 8
atom 31

language
55 13	58 10	60 8
atom 32

language
49 13	52 10	54 8
alphabet
13 14	16 11	19 8
atom 33

language
52 13	55 10	57 8
alphabet
13 14	16 11	19 8
atom 34

language
6 10	6 13	6 15	8 13	8 11	8 8	90 14	90 19	90 10	92 8	92 17	92 12	185 8
string
220 7
atom 35

language
0 12	4 8	28 27	28 24	31 24	31 21	35 17	35 20	39 13	39 16	44 11	44 8
atom 36

language
4 8	253 18	253 15	256 15	256 12	260 8	260 11
word
248 7	248 4	248 11	404 17	409 12	413 8	417 4
atom 37

word
766 4
atom 38

language
73 15	76 12	80 8
atom 39

reversal of a language
0 28	4 24
language
13 15	16 12	20 8
atom 40

language
106 15	109 12	113 8
atom 41

concatenation of languages
0 30	4 26
language
18 12	21 9	77 15	80 12	84 8
atom 42

language
93 15	96 12	100 8
atom 43

language
29 15	32 12	36 8
atom 44

language
39 15	42 12	46 8
atom 45

power of a language
8 21
language
14 15	17 12	21 8	34 15	37 12	41 8
atom 46

language
69 15	72 12	76 8
atom 47

language
37 12	41 8
alphabet
6 11	9 8
symbols
251 7	251 11	251 14
string
113 10	113 14	116 7	116 11	285 7
atom 48

language
32 15	35 12	39 8
symbols
111 19	115 15	118 12	124 6
word
59 12	62 9	66 5
atom 49

language
8 15	11 12	15 8
symbols
87 19	91 15	94 12	100 6
word
35 12	38 9	42 5
atom 50

atom 51

atom 52

language
11 21	16 16	20 12	24 8
atom 53

language
14 21	19 16	23 12	27 8
atom 54

encodable
765 12	768 9
encoding
322 12	322 15	326 11	326 8	448 8	491 11	494 8	697 19	697 22	702 14	702 17	706 13	706 10	709 7	709 10
alphabet
180 14	183 11	186 8
atom 55

encoding
115 17	115 14	118 14	118 11	121 11	121 8	218 9	218 13	221 6	221 10
alphabet
144 12	148 8
atom 56

encoding
140 14	140 17	143 11	143 14	146 8	146 11	228 10	228 13	231 7	231 10	263 13	263 10	266 10	266 7
alphabet
169 12	173 8
atom 57

encoding
149 8	149 11	186 19	186 16	186 13	191 14	191 8	191 11	200 17	200 14	203 11	203 14	206 11	206 8	438 13	438 16	443 8	443 11	470 15	470 12	474 11	474 8
atom 58

encoding
37 9	37 13	40 10	40 6
alphabet
73 12	77 8
atom 59

encoding
16 9	16 13	19 10	19 6	160 8
alphabet
59 12	63 8	627 8	627 11
symbols
428 15	433 10	437 6	519 6	568 8	570 6
atom 60

encoding
26 9	29 6	180 12	180 8	237 6	398 6	506 11	510 7	565 8
alphabet
17 11	17 8	273 11	273 8	337 8	337 11	542 15	542 8	542 13
symbols
98 6	98 11	98 9
string
518 11	518 15	518 6	588 8	590 6
atom 61

encoding
617 14	621 10	624 7	816 15	816 25	816 19	816 12	820 21	820 11	820 8	820 15
alphabet
648 11	648 8
symbols
795 14	795 6	795 19
atom 62

language
55 8
encoding
509 7	509 10
alphabet
194 29	194 21	194 18	194 25	200 23	200 12	200 19	200 15	204 11	204 15	204 19	204 8
symbols
232 7
string
144 8	146 6	574 13	577 10	581 6
atom 63

encoding
9 11	9 14	12 11	12 8
alphabet
35 12	39 8
atom 64

atom 65

alphabet
13 14	16 11	19 8	110 17	115 12	119 8
atom 66

computational problem
162 31	162 34	162 26	165 31	165 28	165 23	167 29	167 26	167 21	726 25	730 21
valid encoding
826 24	826 22	826 19	829 19	829 21	829 16	831 19	831 14	831 17	1011 19	1011 24	1011 22	1014 16	1014 21	1014 19	1016 19	1016 17	1016 14
encoding
227 18	227 11	227 14	230 15	230 11	230 8	283 15	283 22	283 18	287 18	287 11	287 14	290 11	290 15	290 8	414 18	414 15	417 12	417 15	421 8	421 11	544 18	544 15	547 12	547 15	551 11	551 8	694 15	697 12	701 8	837 11	837 8	837 13	1022 8	1022 11	1022 13
alphabet
189 16	194 11	197 8
symbols
667 10	671 6	1167 6
word
799 9	799 14	802 6	802 11	804 9	804 4	987 6	987 11	989 9	989 4
atom 67

computational problem
0 26	0 23	2 21	2 24	321 25	325 21
encoding
714 17	714 14	714 20	717 14	717 17	717 11	720 11	720 8	720 14
string
865 14	865 17	868 14	868 11	872 10	872 7	913 6	913 10	938 17	941 14	944 11	949 6
word
661 10	665 6	667 4	755 6	755 15	755 11	757 9	757 13	757 4
atom 68

alphabet
13 14	16 11	19 8	104 17	109 12	113 8
atom 69

decision problem
148 26	148 21	148 29	151 23	151 26	151 18	153 16	153 24	153 21	413 20	417 16
valid encoding
735 28	735 26	735 23	738 20	738 23	738 25	742 19	742 21	742 16	744 14	744 19	744 17
encoding
208 11	208 14	208 18	211 8	211 15	211 11	307 15	307 18	310 12	310 15	314 11	314 8	508 14	508 17	508 19	511 11	511 14	511 16	514 11	514 13	514 8	689 18	689 20	689 15	692 15	692 17	692 12	696 8	696 13	696 11	750 11	750 8	750 13
alphabet
170 16	175 11	178 8
word
481 14	481 9	484 6	484 11	486 4	486 9
atom 70

decision problem
33 21	33 18	35 19	35 16	238 20	242 16
encoding
162 19	170 11	173 8	337 20	337 14	337 17	340 17	340 14	340 11	343 8	343 14	343 11
word
286 8	290 4
atom 71

decision problem
37 29	37 25	45 17	45 21	107 24	110 21	115 16	267 23	270 20	274 16	388 16	515 35	515 20	515 30	515 23	515 26	518 27	518 23	518 20	518 32	518 17
language
63 13	67 9	237 15	240 12	244 8	319 12	323 8	490 16	490 12	490 20	493 13	493 17	493 9
word
181 15	181 12	184 9	184 12	188 5	188 8
