hexi array-sum 1 30000000 0 26 0 0 0.928000
hexi array-sum_sq 1 30000000 0 0 0 0 0.812000
hexi array-sum_ws 1 30000000 0 0 0 0 5.722000
hexi array-sum 1 30000000 0 26 0 0 0.929000
hexi array-sum_sq 1 30000000 0 0 0 0 0.822000
hexi array-sum_ws 1 30000000 0 0 0 0 5.760000
hexi array-sum 1 30000000 0 26 0 0 0.933000
hexi array-sum_sq 1 30000000 0 0 0 0 0.811000
hexi array-sum_ws 1 30000000 0 0 0 0 5.714000
hexi array-sum 4 30000000 0 26 0 0 0.238000
hexi array-sum_ws 4 30000000 0 0 0 0 1.452000
hexi array-sum 4 30000000 0 26 0 0 0.237000
hexi array-sum_ws 4 30000000 0 0 0 0 1.454000
hexi array-sum 4 30000000 0 26 0 0 0.241000
hexi array-sum_ws 4 30000000 0 0 0 0 1.453000
hexi array-sum 8 30000000 0 26 0 0 0.121000
hexi array-sum_ws 8 30000000 0 0 0 0 0.731000
hexi array-sum 8 30000000 0 26 0 0 0.121000
hexi array-sum_ws 8 30000000 0 0 0 0 0.727000
hexi array-sum 8 30000000 0 26 0 0 0.121000
hexi array-sum_ws 8 30000000 0 0 0 0 0.727000
hexi array-sum 12 30000000 0 26 0 0 0.083000
hexi array-sum_ws 12 30000000 0 0 0 0 0.489000
hexi array-sum 12 30000000 0 26 0 0 0.083000
hexi array-sum_ws 12 30000000 0 0 0 0 0.488000
hexi array-sum 12 30000000 0 26 0 0 0.083000
hexi array-sum_ws 12 30000000 0 0 0 0 0.489000
hexi array-sum 16 30000000 0 26 0 0 0.075000
hexi array-sum_ws 16 30000000 0 0 0 0 0.377000
hexi array-sum 16 30000000 0 26 0 0 0.065000
hexi array-sum_ws 16 30000000 0 0 0 0 0.374000
hexi array-sum 16 30000000 0 26 0 0 0.065000
hexi array-sum_ws 16 30000000 0 0 0 0 0.375000
hexi barnes-hut 1 100000 0 26 0 0 13.368000
hexi barnes-hut_sq 1 100000 0 0 0 0 12.832000
hexi barnes-hut_ws 1 100000 0 0 0 0 17.444000
hexi barnes-hut 1 100000 0 26 0 0 13.280000
hexi barnes-hut_sq 1 100000 0 0 0 0 12.860000
hexi barnes-hut_ws 1 100000 0 0 0 0 17.378000
hexi barnes-hut 1 100000 0 26 0 0 13.285000
hexi barnes-hut_sq 1 100000 0 0 0 0 12.827000
hexi barnes-hut_ws 1 100000 0 0 0 0 17.454000
hexi barnes-hut 4 100000 0 26 0 0 6.697000
hexi barnes-hut_ws 4 100000 0 0 0 0 4.820000
hexi barnes-hut 4 100000 0 26 0 0 5.849000
hexi barnes-hut_ws 4 100000 0 0 0 0 4.831000
hexi barnes-hut 4 100000 0 26 0 0 4.479000
hexi barnes-hut_ws 4 100000 0 0 0 0 4.828000
hexi barnes-hut 8 100000 0 26 0 0 2.245000
hexi barnes-hut_ws 8 100000 0 0 0 0 2.731000
hexi barnes-hut 8 100000 0 26 0 0 2.170000
hexi barnes-hut_ws 8 100000 0 0 0 0 2.719000
hexi barnes-hut 8 100000 0 26 0 0 2.230000
hexi barnes-hut_ws 8 100000 0 0 0 0 2.785000
hexi barnes-hut 12 100000 0 26 0 0 1.665000
hexi barnes-hut_ws 12 100000 0 0 0 0 1.998000
hexi barnes-hut 12 100000 0 26 0 0 1.719000
hexi barnes-hut_ws 12 100000 0 0 0 0 2.005000
hexi barnes-hut 12 100000 0 26 0 0 1.708000
hexi barnes-hut_ws 12 100000 0 0 0 0 1.984000
hexi barnes-hut 16 100000 0 26 0 0 1.427000
hexi barnes-hut_ws 16 100000 0 0 0 0 1.692000
hexi barnes-hut 16 100000 0 26 0 0 1.456000
hexi barnes-hut_ws 16 100000 0 0 0 0 1.659000
hexi barnes-hut 16 100000 0 26 0 0 1.424000
hexi barnes-hut_ws 16 100000 0 0 0 0 1.632000
hexi quickhull 1 2000000 0 26 0 0 3.517000
hexi quickhull_sq 1 2000000 0 0 0 0 3.249000
hexi quickhull_ws 1 2000000 0 0 0 0 4.853000
hexi quickhull 1 2000000 0 26 0 0 3.528000
hexi quickhull_sq 1 2000000 0 0 0 0 3.242000
hexi quickhull_ws 1 2000000 0 0 0 0 4.886000
hexi quickhull 1 2000000 0 26 0 0 3.503000
hexi quickhull_sq 1 2000000 0 0 0 0 3.223000
hexi quickhull_ws 1 2000000 0 0 0 0 4.885000
hexi quickhull 4 2000000 0 26 0 0 1.047000
hexi quickhull_ws 4 2000000 0 0 0 0 1.402000
hexi quickhull 4 2000000 0 26 0 0 1.049000
hexi quickhull_ws 4 2000000 0 0 0 0 1.397000
hexi quickhull 4 2000000 0 26 0 0 1.046000
hexi quickhull_ws 4 2000000 0 0 0 0 1.396000
hexi quickhull 8 2000000 0 26 0 0 0.604000
hexi quickhull_ws 8 2000000 0 0 0 0 0.756000
hexi quickhull 8 2000000 0 26 0 0 0.605000
hexi quickhull_ws 8 2000000 0 0 0 0 0.753000
hexi quickhull 8 2000000 0 26 0 0 0.603000
hexi quickhull_ws 8 2000000 0 0 0 0 0.758000
hexi quickhull 12 2000000 0 26 0 0 0.506000
hexi quickhull_ws 12 2000000 0 0 0 0 0.563000
hexi quickhull 12 2000000 0 26 0 0 0.506000
hexi quickhull_ws 12 2000000 0 0 0 0 0.565000
hexi quickhull 12 2000000 0 26 0 0 0.507000
hexi quickhull_ws 12 2000000 0 0 0 0 0.564000
hexi quickhull 16 2000000 0 26 0 0 0.480000
hexi quickhull_ws 16 2000000 0 0 0 0 0.499000
hexi quickhull 16 2000000 0 26 0 0 0.478000
hexi quickhull_ws 16 2000000 0 0 0 0 0.499000
hexi quickhull 16 2000000 0 26 0 0 0.481000
hexi quickhull_ws 16 2000000 0 0 0 0 0.499000
hexi quicksort 1 2000000 0 26 0 0 2.319000
hexi quicksort_sq 1 2000000 0 0 0 0 2.143000
hexi quicksort_ws 1 2000000 0 0 0 0 3.515000
hexi quicksort 1 2000000 0 26 0 0 2.292000
hexi quicksort_sq 1 2000000 0 0 0 0 2.186000
hexi quicksort_ws 1 2000000 0 0 0 0 3.509000
hexi quicksort 1 2000000 0 26 0 0 2.275000
hexi quicksort_sq 1 2000000 0 0 0 0 2.186000
hexi quicksort_ws 1 2000000 0 0 0 0 3.495000
hexi quicksort 4 2000000 0 26 0 0 0.644000
hexi quicksort_ws 4 2000000 0 0 0 0 0.941000
hexi quicksort 4 2000000 0 26 0 0 0.637000
hexi quicksort_ws 4 2000000 0 0 0 0 0.934000
hexi quicksort 4 2000000 0 26 0 0 0.639000
hexi quicksort_ws 4 2000000 0 0 0 0 0.926000
hexi quicksort 8 2000000 0 26 0 0 0.346000
hexi quicksort_ws 8 2000000 0 0 0 0 0.485000
hexi quicksort 8 2000000 0 26 0 0 0.345000
hexi quicksort_ws 8 2000000 0 0 0 0 0.489000
hexi quicksort 8 2000000 0 26 0 0 0.341000
hexi quicksort_ws 8 2000000 0 0 0 0 0.490000
hexi quicksort 12 2000000 0 26 0 0 0.253000
hexi quicksort_ws 12 2000000 0 0 0 0 0.339000
hexi quicksort 12 2000000 0 26 0 0 0.252000
hexi quicksort_ws 12 2000000 0 0 0 0 0.340000
hexi quicksort 12 2000000 0 26 0 0 0.252000
hexi quicksort_ws 12 2000000 0 0 0 0 0.341000
hexi quicksort 16 2000000 0 26 0 0 0.215000
hexi quicksort_ws 16 2000000 0 0 0 0 0.265000
hexi quicksort 16 2000000 0 26 0 0 0.218000
hexi quicksort_ws 16 2000000 0 0 0 0 0.268000
hexi quicksort 16 2000000 0 26 0 0 0.215000
hexi quicksort_ws 16 2000000 0 0 0 0 0.266000
hexi dmm 1 9 0 26 0 0 11.459000
hexi dmm_sq 1 9 0 0 0 0 11.062000
hexi dmm_ws 1 9 0 0 0 0 13.437000
hexi dmm 1 9 0 26 0 0 11.536000
hexi dmm_sq 1 9 0 0 0 0 11.073000
hexi dmm_ws 1 9 0 0 0 0 13.425000
hexi dmm 1 9 0 26 0 0 11.442000
hexi dmm_sq 1 9 0 0 0 0 11.140000
hexi dmm_ws 1 9 0 0 0 0 13.482000
hexi dmm 4 9 0 26 0 0 2.894000
hexi dmm_ws 4 9 0 0 0 0 3.373000
hexi dmm 4 9 0 26 0 0 2.903000
hexi dmm_ws 4 9 0 0 0 0 3.363000
hexi dmm 4 9 0 26 0 0 2.892000
hexi dmm_ws 4 9 0 0 0 0 3.370000
hexi dmm 8 9 0 26 0 0 1.464000
hexi dmm_ws 8 9 0 0 0 0 1.697000
hexi dmm 8 9 0 26 0 0 1.456000
hexi dmm_ws 8 9 0 0 0 0 1.698000
hexi dmm 8 9 0 26 0 0 1.479000
hexi dmm_ws 8 9 0 0 0 0 1.697000
hexi dmm 12 9 0 26 0 0 0.999000
hexi dmm_ws 12 9 0 0 0 0 1.146000
hexi dmm 12 9 0 26 0 0 0.985000
hexi dmm_ws 12 9 0 0 0 0 1.147000
hexi dmm 12 9 0 26 0 0 0.989000
hexi dmm_ws 12 9 0 0 0 0 1.147000
hexi dmm 16 9 0 26 0 0 0.755000
hexi dmm_ws 16 9 0 0 0 0 0.873000
hexi dmm 16 9 0 26 0 0 0.752000
hexi dmm_ws 16 9 0 0 0 0 0.873000
hexi dmm 16 9 0 26 0 0 0.752000
hexi dmm_ws 16 9 0 0 0 0 0.871000
hexi smvm 1 50000000 0 26 0 0 6.904000
hexi smvm_sq 1 50000000 0 0 0 0 6.209000
hexi smvm_ws 1 50000000 0 0 0 0 30.110000
hexi smvm 1 50000000 0 26 0 0 6.921000
hexi smvm_sq 1 50000000 0 0 0 0 6.262000
hexi smvm_ws 1 50000000 0 0 0 0 30.126000
hexi smvm 1 50000000 0 26 0 0 6.906000
hexi smvm_sq 1 50000000 0 0 0 0 6.150000
hexi smvm_ws 1 50000000 0 0 0 0 30.105000
hexi smvm 4 50000000 0 26 0 0 1.756000
hexi smvm_ws 4 50000000 0 0 0 0 7.651000
hexi smvm 4 50000000 0 26 0 0 1.788000
hexi smvm_ws 4 50000000 0 0 0 0 7.587000
hexi smvm 4 50000000 0 26 0 0 1.757000
hexi smvm_ws 4 50000000 0 0 0 0 7.645000
hexi smvm 8 50000000 0 26 0 0 0.906000
hexi smvm_ws 8 50000000 0 0 0 0 3.828000
hexi smvm 8 50000000 0 26 0 0 0.890000
hexi smvm_ws 8 50000000 0 0 0 0 3.848000
hexi smvm 8 50000000 0 26 0 0 0.907000
hexi smvm_ws 8 50000000 0 0 0 0 3.817000
hexi smvm 12 50000000 0 26 0 0 0.603000
hexi smvm_ws 12 50000000 0 0 0 0 2.564000
hexi smvm 12 50000000 0 26 0 0 0.611000
hexi smvm_ws 12 50000000 0 0 0 0 2.518000
hexi smvm 12 50000000 0 26 0 0 0.612000
hexi smvm_ws 12 50000000 0 0 0 0 2.571000
hexi smvm 16 50000000 0 26 0 0 0.461000
hexi smvm_ws 16 50000000 0 0 0 0 1.924000
hexi smvm 16 50000000 0 26 0 0 0.460000
hexi smvm_ws 16 50000000 0 0 0 0 1.935000
hexi smvm 16 50000000 0 26 0 0 0.454000
hexi smvm_ws 16 50000000 0 0 0 0 1.943000
srv-53-07 array-sum 1 30000000 0 61 0 0 2.043000
srv-53-07 array-sum_sq 1 30000000 0 0 0 0 2.013000
srv-53-07 array-sum_ws 1 30000000 0 0 0 0 12.810000
srv-53-07 array-sum 1 30000000 0 61 0 0 2.049000
srv-53-07 array-sum_sq 1 30000000 0 0 0 0 2.003000
srv-53-07 array-sum_ws 1 30000000 0 0 0 0 12.776000
srv-53-07 array-sum 1 30000000 0 61 0 0 2.054000
srv-53-07 array-sum_sq 1 30000000 0 0 0 0 1.993000
srv-53-07 array-sum_ws 1 30000000 0 0 0 0 12.733000
srv-53-07 array-sum 4 30000000 0 61 0 0 0.273000
srv-53-07 array-sum_ws 4 30000000 0 0 0 0 1.674000
srv-53-07 array-sum 4 30000000 0 61 0 0 0.272000
srv-53-07 array-sum_ws 4 30000000 0 0 0 0 1.682000
srv-53-07 array-sum 4 30000000 0 61 0 0 0.273000
srv-53-07 array-sum_ws 4 30000000 0 0 0 0 1.677000
srv-53-07 array-sum 8 30000000 0 61 0 0 0.176000
srv-53-07 array-sum_ws 8 30000000 0 0 0 0 0.982000
srv-53-07 array-sum 8 30000000 0 61 0 0 0.181000
srv-53-07 array-sum_ws 8 30000000 0 0 0 0 0.964000
srv-53-07 array-sum 8 30000000 0 61 0 0 0.176000
srv-53-07 array-sum_ws 8 30000000 0 0 0 0 0.893000
srv-53-07 array-sum 12 30000000 0 61 0 0 0.132000
srv-53-07 array-sum_ws 12 30000000 0 0 0 0 0.756000
srv-53-07 array-sum 12 30000000 0 61 0 0 0.135000
srv-53-07 array-sum_ws 12 30000000 0 0 0 0 0.772000
srv-53-07 array-sum 12 30000000 0 61 0 0 0.135000
srv-53-07 array-sum_ws 12 30000000 0 0 0 0 0.746000
srv-53-07 array-sum 16 30000000 0 61 0 0 0.112000
srv-53-07 array-sum_ws 16 30000000 0 0 0 0 0.565000
srv-53-07 array-sum 16 30000000 0 61 0 0 0.110000
srv-53-07 array-sum_ws 16 30000000 0 0 0 0 0.596000
srv-53-07 array-sum 16 30000000 0 61 0 0 0.110000
srv-53-07 array-sum_ws 16 30000000 0 0 0 0 0.565000
srv-53-07 barnes-hut 1 100000 0 61 0 0 25.197000
srv-53-07 barnes-hut_sq 1 100000 0 0 0 0 24.414000
srv-53-07 barnes-hut_ws 1 100000 0 0 0 0 34.907000
srv-53-07 barnes-hut 1 100000 0 61 0 0 25.380000
srv-53-07 barnes-hut_sq 1 100000 0 0 0 0 24.611000
srv-53-07 barnes-hut_ws 1 100000 0 0 0 0 34.645000
srv-53-07 barnes-hut 1 100000 0 61 0 0 25.063000
srv-53-07 barnes-hut_sq 1 100000 0 0 0 0 24.354000
srv-53-07 barnes-hut_ws 1 100000 0 0 0 0 34.874000
srv-53-07 barnes-hut 4 100000 0 61 0 0 9.414000
srv-53-07 barnes-hut_ws 4 100000 0 0 0 0 5.144000
srv-53-07 barnes-hut 4 100000 0 61 0 0 8.984000
srv-53-07 barnes-hut_ws 4 100000 0 0 0 0 5.124000
srv-53-07 barnes-hut 4 100000 0 61 0 0 10.150000
srv-53-07 barnes-hut_ws 4 100000 0 0 0 0 5.054000
srv-53-07 barnes-hut 8 100000 0 61 0 0 2.262000
srv-53-07 barnes-hut_ws 8 100000 0 0 0 0 2.659000
srv-53-07 barnes-hut 8 100000 0 61 0 0 2.122000
srv-53-07 barnes-hut_ws 8 100000 0 0 0 0 2.656000
srv-53-07 barnes-hut 8 100000 0 61 0 0 2.009000
srv-53-07 barnes-hut_ws 8 100000 0 0 0 0 2.608000
srv-53-07 barnes-hut 12 100000 0 61 0 0 1.609000
srv-53-07 barnes-hut_ws 12 100000 0 0 0 0 1.872000
srv-53-07 barnes-hut 12 100000 0 61 0 0 1.411000
srv-53-07 barnes-hut_ws 12 100000 0 0 0 0 1.848000
srv-53-07 barnes-hut 12 100000 0 61 0 0 1.427000
srv-53-07 barnes-hut_ws 12 100000 0 0 0 0 1.880000
srv-53-07 barnes-hut 16 100000 0 61 0 0 1.235000
srv-53-07 barnes-hut_ws 16 100000 0 0 0 0 1.541000
srv-53-07 barnes-hut 16 100000 0 61 0 0 1.200000
srv-53-07 barnes-hut_ws 16 100000 0 0 0 0 1.572000
srv-53-07 barnes-hut 16 100000 0 61 0 0 1.279000
srv-53-07 barnes-hut_ws 16 100000 0 0 0 0 1.592000
srv-53-07 quickhull 1 2000000 0 61 0 0 7.517000
srv-53-07 quickhull_sq 1 2000000 0 0 0 0 6.606000
srv-53-07 quickhull_ws 1 2000000 0 0 0 0 10.130000
srv-53-07 quickhull 1 2000000 0 61 0 0 7.460000
srv-53-07 quickhull_sq 1 2000000 0 0 0 0 6.583000
srv-53-07 quickhull_ws 1 2000000 0 0 0 0 10.077000
srv-53-07 quickhull 1 2000000 0 61 0 0 7.390000
srv-53-07 quickhull_sq 1 2000000 0 0 0 0 6.567000
srv-53-07 quickhull_ws 1 2000000 0 0 0 0 10.081000
srv-53-07 quickhull 4 2000000 0 61 0 0 1.010000
srv-53-07 quickhull_ws 4 2000000 0 0 0 0 1.357000
srv-53-07 quickhull 4 2000000 0 61 0 0 1.003000
srv-53-07 quickhull_ws 4 2000000 0 0 0 0 1.351000
srv-53-07 quickhull 4 2000000 0 61 0 0 1.017000
srv-53-07 quickhull_ws 4 2000000 0 0 0 0 1.349000
srv-53-07 quickhull 8 2000000 0 61 0 0 0.624000
srv-53-07 quickhull_ws 8 2000000 0 0 0 0 0.800000
srv-53-07 quickhull 8 2000000 0 61 0 0 0.618000
srv-53-07 quickhull_ws 8 2000000 0 0 0 0 0.783000
srv-53-07 quickhull 8 2000000 0 61 0 0 0.607000
srv-53-07 quickhull_ws 8 2000000 0 0 0 0 0.792000
srv-53-07 quickhull 12 2000000 0 61 0 0 0.468000
srv-53-07 quickhull_ws 12 2000000 0 0 0 0 0.623000
srv-53-07 quickhull 12 2000000 0 61 0 0 0.464000
srv-53-07 quickhull_ws 12 2000000 0 0 0 0 0.625000
srv-53-07 quickhull 12 2000000 0 61 0 0 0.467000
srv-53-07 quickhull_ws 12 2000000 0 0 0 0 0.623000
srv-53-07 quickhull 16 2000000 0 61 0 0 0.376000
srv-53-07 quickhull_ws 16 2000000 0 0 0 0 0.503000
srv-53-07 quickhull 16 2000000 0 61 0 0 0.381000
srv-53-07 quickhull_ws 16 2000000 0 0 0 0 0.501000
srv-53-07 quickhull 16 2000000 0 61 0 0 0.376000
srv-53-07 quickhull_ws 16 2000000 0 0 0 0 0.500000
srv-53-07 quicksort 1 2000000 0 61 0 0 5.007000
srv-53-07 quicksort_sq 1 2000000 0 0 0 0 4.800000
srv-53-07 quicksort_ws 1 2000000 0 0 0 0 7.330000
srv-53-07 quicksort 1 2000000 0 61 0 0 4.967000
srv-53-07 quicksort_sq 1 2000000 0 0 0 0 4.770000
srv-53-07 quicksort_ws 1 2000000 0 0 0 0 7.309000
srv-53-07 quicksort 1 2000000 0 61 0 0 4.974000
srv-53-07 quicksort_sq 1 2000000 0 0 0 0 4.789000
srv-53-07 quicksort_ws 1 2000000 0 0 0 0 7.304000
srv-53-07 quicksort 4 2000000 0 61 0 0 0.680000
srv-53-07 quicksort_ws 4 2000000 0 0 0 0 0.990000
srv-53-07 quicksort 4 2000000 0 61 0 0 0.676000
srv-53-07 quicksort_ws 4 2000000 0 0 0 0 0.983000
srv-53-07 quicksort 4 2000000 0 61 0 0 0.692000
srv-53-07 quicksort_ws 4 2000000 0 0 0 0 0.989000
srv-53-07 quicksort 8 2000000 0 61 0 0 0.423000
srv-53-07 quicksort_ws 8 2000000 0 0 0 0 0.615000
srv-53-07 quicksort 8 2000000 0 61 0 0 0.427000
srv-53-07 quicksort_ws 8 2000000 0 0 0 0 0.620000
srv-53-07 quicksort 8 2000000 0 61 0 0 0.426000
srv-53-07 quicksort_ws 8 2000000 0 0 0 0 0.613000
srv-53-07 quicksort 12 2000000 0 61 0 0 0.317000
srv-53-07 quicksort_ws 12 2000000 0 0 0 0 0.454000
srv-53-07 quicksort 12 2000000 0 61 0 0 0.321000
srv-53-07 quicksort_ws 12 2000000 0 0 0 0 0.460000
srv-53-07 quicksort 12 2000000 0 61 0 0 0.323000
srv-53-07 quicksort_ws 12 2000000 0 0 0 0 0.459000
srv-53-07 quicksort 16 2000000 0 61 0 0 0.256000
srv-53-07 quicksort_ws 16 2000000 0 0 0 0 0.369000
srv-53-07 quicksort 16 2000000 0 61 0 0 0.258000
srv-53-07 quicksort_ws 16 2000000 0 0 0 0 0.369000
srv-53-07 quicksort 16 2000000 0 61 0 0 0.256000
srv-53-07 quicksort_ws 16 2000000 0 0 0 0 0.373000
srv-53-07 dmm 1 9 0 61 0 0 27.204000
srv-53-07 dmm_sq 1 9 0 0 0 0 24.991000
srv-53-07 dmm_ws 1 9 0 0 0 0 33.477000
srv-53-07 dmm 1 9 0 61 0 0 27.406000
srv-53-07 dmm_sq 1 9 0 0 0 0 25.263000
srv-53-07 dmm_ws 1 9 0 0 0 0 33.584000
srv-53-07 dmm 1 9 0 61 0 0 29.241000
srv-53-07 dmm_sq 1 9 0 0 0 0 25.025000
srv-53-07 dmm_ws 1 9 0 0 0 0 33.408000
srv-53-07 dmm 4 9 0 61 0 0 5.241000
srv-53-07 dmm_ws 4 9 0 0 0 0 4.530000
srv-53-07 dmm 4 9 0 61 0 0 4.055000
srv-53-07 dmm_ws 4 9 0 0 0 0 4.672000
srv-53-07 dmm 4 9 0 61 0 0 4.471000
srv-53-07 dmm_ws 4 9 0 0 0 0 4.750000
srv-53-07 dmm 8 9 0 61 0 0 2.120000
srv-53-07 dmm_ws 8 9 0 0 0 0 2.315000
srv-53-07 dmm 8 9 0 61 0 0 2.003000
srv-53-07 dmm_ws 8 9 0 0 0 0 2.235000
srv-53-07 dmm 8 9 0 61 0 0 1.879000
srv-53-07 dmm_ws 8 9 0 0 0 0 2.368000
srv-53-07 dmm 12 9 0 61 0 0 1.485000
srv-53-07 dmm_ws 12 9 0 0 0 0 1.531000
srv-53-07 dmm 12 9 0 61 0 0 1.438000
srv-53-07 dmm_ws 12 9 0 0 0 0 1.663000
srv-53-07 dmm 12 9 0 61 0 0 1.492000
srv-53-07 dmm_ws 12 9 0 0 0 0 1.601000
srv-53-07 dmm 16 9 0 61 0 0 1.187000
srv-53-07 dmm_ws 16 9 0 0 0 0 1.377000
srv-53-07 dmm 16 9 0 61 0 0 1.156000
srv-53-07 dmm_ws 16 9 0 0 0 0 1.387000
srv-53-07 dmm 16 9 0 61 0 0 1.168000
srv-53-07 dmm_ws 16 9 0 0 0 0 1.386000
srv-53-07 smvm 1 50000000 0 61 0 0 13.708000
srv-53-07 smvm_sq 1 50000000 0 0 0 0 13.147000
srv-53-07 smvm_ws 1 50000000 0 0 0 0 65.922000
srv-53-07 smvm 1 50000000 0 61 0 0 13.777000
srv-53-07 smvm_sq 1 50000000 0 0 0 0 13.206000
srv-53-07 smvm_ws 1 50000000 0 0 0 0 66.329000
srv-53-07 smvm 1 50000000 0 61 0 0 13.737000
srv-53-07 smvm_sq 1 50000000 0 0 0 0 13.187000
srv-53-07 smvm_ws 1 50000000 0 0 0 0 66.583000
srv-53-07 smvm 4 50000000 0 61 0 0 1.837000
srv-53-07 smvm_ws 4 50000000 0 0 0 0 8.777000
srv-53-07 smvm 4 50000000 0 61 0 0 2.115000
srv-53-07 smvm_ws 4 50000000 0 0 0 0 8.736000
srv-53-07 smvm 4 50000000 0 61 0 0 1.826000
srv-53-07 smvm_ws 4 50000000 0 0 0 0 8.743000
srv-53-07 smvm 8 50000000 0 61 0 0 1.036000
srv-53-07 smvm_ws 8 50000000 0 0 0 0 4.150000
srv-53-07 smvm 8 50000000 0 61 0 0 1.006000
srv-53-07 smvm_ws 8 50000000 0 0 0 0 4.079000
srv-53-07 smvm 8 50000000 0 61 0 0 1.049000
srv-53-07 smvm_ws 8 50000000 0 0 0 0 4.073000
srv-53-07 smvm 12 50000000 0 61 0 0 0.778000
srv-53-07 smvm_ws 12 50000000 0 0 0 0 2.748000
srv-53-07 smvm 12 50000000 0 61 0 0 0.787000
srv-53-07 smvm_ws 12 50000000 0 0 0 0 2.740000
srv-53-07 smvm 12 50000000 0 61 0 0 0.755000
srv-53-07 smvm_ws 12 50000000 0 0 0 0 2.795000
srv-53-07 smvm 16 50000000 0 61 0 0 0.612000
srv-53-07 smvm_ws 16 50000000 0 0 0 0 2.128000
srv-53-07 smvm 16 50000000 0 61 0 0 0.666000
srv-53-07 smvm_ws 16 50000000 0 0 0 0 2.144000
srv-53-07 smvm 16 50000000 0 61 0 0 0.671000
srv-53-07 smvm_ws 16 50000000 0 0 0 0 2.131000
