srv-53-07 barnes-hut 1 100000 0 40 0 0 10.955000
srv-53-07 barnes-hut_sq 1 100000 0 0 0 0 10.480000
srv-53-07 barnes-hut_ws 1 100000 0 0 0 0 14.989000
srv-53-07 barnes-hut 1 100000 0 40 0 0 10.964000
srv-53-07 barnes-hut_sq 1 100000 0 0 0 0 10.490000
srv-53-07 barnes-hut_ws 1 100000 0 0 0 0 14.984000
srv-53-07 barnes-hut 1 100000 0 40 0 0 10.941000
srv-53-07 barnes-hut_sq 1 100000 0 0 0 0 10.468000
srv-53-07 barnes-hut_ws 1 100000 0 0 0 0 14.963000
srv-53-07 barnes-hut 2 100000 0 40 0 0 12.337000
srv-53-07 barnes-hut_ws 2 100000 0 0 0 0 7.868000
srv-53-07 barnes-hut 2 100000 0 40 0 0 11.418000
srv-53-07 barnes-hut_ws 2 100000 0 0 0 0 7.810000
srv-53-07 barnes-hut 2 100000 0 40 0 0 11.719000
srv-53-07 barnes-hut_ws 2 100000 0 0 0 0 7.689000
srv-53-07 barnes-hut 4 100000 0 40 0 0 6.597000
srv-53-07 barnes-hut_ws 4 100000 0 0 0 0 4.222000
srv-53-07 barnes-hut 4 100000 0 40 0 0 6.244000
srv-53-07 barnes-hut_ws 4 100000 0 0 0 0 4.179000
srv-53-07 barnes-hut 4 100000 0 40 0 0 4.490000
srv-53-07 barnes-hut_ws 4 100000 0 0 0 0 4.022000
srv-53-07 barnes-hut 8 100000 0 40 0 0 1.923000
srv-53-07 barnes-hut_ws 8 100000 0 0 0 0 2.502000
srv-53-07 barnes-hut 8 100000 0 40 0 0 1.991000
srv-53-07 barnes-hut_ws 8 100000 0 0 0 0 2.543000
srv-53-07 barnes-hut 8 100000 0 40 0 0 1.964000
srv-53-07 barnes-hut_ws 8 100000 0 0 0 0 2.496000
srv-53-07 barnes-hut 12 100000 0 40 0 0 1.387000
srv-53-07 barnes-hut_ws 12 100000 0 0 0 0 1.913000
srv-53-07 barnes-hut 12 100000 0 40 0 0 1.455000
srv-53-07 barnes-hut_ws 12 100000 0 0 0 0 1.808000
srv-53-07 barnes-hut 12 100000 0 40 0 0 1.594000
srv-53-07 barnes-hut_ws 12 100000 0 0 0 0 1.864000
srv-53-07 barnes-hut 16 100000 0 40 0 0 1.330000
srv-53-07 barnes-hut_ws 16 100000 0 0 0 0 1.645000
srv-53-07 barnes-hut 16 100000 0 40 0 0 1.313000
srv-53-07 barnes-hut_ws 16 100000 0 0 0 0 1.599000
srv-53-07 barnes-hut 16 100000 0 40 0 0 1.368000
srv-53-07 barnes-hut_ws 16 100000 0 0 0 0 1.515000
srv-53-07 quickhull 1 3000000 0 40 0 0 7.202000
srv-53-07 quickhull_sq 1 3000000 0 0 0 0 6.512000
srv-53-07 quickhull_ws 1 3000000 0 0 0 0 9.757000
srv-53-07 quickhull 1 3000000 0 40 0 0 7.186000
srv-53-07 quickhull_sq 1 3000000 0 0 0 0 6.511000
srv-53-07 quickhull_ws 1 3000000 0 0 0 0 9.509000
srv-53-07 quickhull 1 3000000 0 40 0 0 7.219000
srv-53-07 quickhull_sq 1 3000000 0 0 0 0 6.567000
srv-53-07 quickhull_ws 1 3000000 0 0 0 0 9.514000
srv-53-07 quickhull 2 3000000 0 40 0 0 6.303000
srv-53-07 quickhull_ws 2 3000000 0 0 0 0 5.532000
srv-53-07 quickhull 2 3000000 0 40 0 0 4.412000
srv-53-07 quickhull_ws 2 3000000 0 0 0 0 5.776000
srv-53-07 quickhull 2 3000000 0 40 0 0 5.000000
srv-53-07 quickhull_ws 2 3000000 0 0 0 0 5.792000
srv-53-07 quickhull 4 3000000 0 40 0 0 3.057000
srv-53-07 quickhull_ws 4 3000000 0 0 0 0 3.693000
srv-53-07 quickhull 4 3000000 0 40 0 0 3.272000
srv-53-07 quickhull_ws 4 3000000 0 0 0 0 3.289000
srv-53-07 quickhull 4 3000000 0 40 0 0 2.776000
srv-53-07 quickhull_ws 4 3000000 0 0 0 0 3.034000
srv-53-07 quickhull 8 3000000 0 40 0 0 1.565000
srv-53-07 quickhull_ws 8 3000000 0 0 0 0 1.895000
srv-53-07 quickhull 8 3000000 0 40 0 0 1.786000
srv-53-07 quickhull_ws 8 3000000 0 0 0 0 1.935000
srv-53-07 quickhull 8 3000000 0 40 0 0 1.849000
srv-53-07 quickhull_ws 8 3000000 0 0 0 0 2.464000
srv-53-07 quickhull 12 3000000 0 40 0 0 1.357000
srv-53-07 quickhull_ws 12 3000000 0 0 0 0 1.417000
srv-53-07 quickhull 12 3000000 0 40 0 0 1.073000
srv-53-07 quickhull_ws 12 3000000 0 0 0 0 1.821000
srv-53-07 quickhull 12 3000000 0 40 0 0 1.346000
srv-53-07 quickhull_ws 12 3000000 0 0 0 0 1.917000
srv-53-07 quickhull 16 3000000 0 40 0 0 1.049000
srv-53-07 quickhull_ws 16 3000000 0 0 0 0 1.272000
srv-53-07 quickhull 16 3000000 0 40 0 0 1.006000
srv-53-07 quickhull_ws 16 3000000 0 0 0 0 1.308000
srv-53-07 quickhull 16 3000000 0 40 0 0 1.116000
srv-53-07 quickhull_ws 16 3000000 0 0 0 0 1.271000
srv-53-07 quicksort 1 2000000 0 40 0 0 2.186000
srv-53-07 quicksort_sq 1 2000000 0 0 0 0 2.028000
srv-53-07 quicksort_ws 1 2000000 0 0 0 0 3.080000
srv-53-07 quicksort 1 2000000 0 40 0 0 2.179000
srv-53-07 quicksort_sq 1 2000000 0 0 0 0 2.021000
srv-53-07 quicksort_ws 1 2000000 0 0 0 0 3.080000
srv-53-07 quicksort 1 2000000 0 40 0 0 2.173000
srv-53-07 quicksort_sq 1 2000000 0 0 0 0 2.019000
srv-53-07 quicksort_ws 1 2000000 0 0 0 0 3.076000
srv-53-07 quicksort 2 2000000 0 40 0 0 1.635000
srv-53-07 quicksort_ws 2 2000000 0 0 0 0 1.721000
srv-53-07 quicksort 2 2000000 0 40 0 0 1.343000
srv-53-07 quicksort_ws 2 2000000 0 0 0 0 1.811000
srv-53-07 quicksort 2 2000000 0 40 0 0 1.353000
srv-53-07 quicksort_ws 2 2000000 0 0 0 0 1.827000
srv-53-07 quicksort 4 2000000 0 40 0 0 0.767000
srv-53-07 quicksort_ws 4 2000000 0 0 0 0 1.066000
srv-53-07 quicksort 4 2000000 0 40 0 0 0.897000
srv-53-07 quicksort_ws 4 2000000 0 0 0 0 1.177000
srv-53-07 quicksort 4 2000000 0 40 0 0 0.889000
srv-53-07 quicksort_ws 4 2000000 0 0 0 0 1.005000
srv-53-07 quicksort 8 2000000 0 40 0 0 0.505000
srv-53-07 quicksort_ws 8 2000000 0 0 0 0 0.641000
srv-53-07 quicksort 8 2000000 0 40 0 0 0.513000
srv-53-07 quicksort_ws 8 2000000 0 0 0 0 0.667000
srv-53-07 quicksort 8 2000000 0 40 0 0 0.481000
srv-53-07 quicksort_ws 8 2000000 0 0 0 0 0.697000
srv-53-07 quicksort 12 2000000 0 40 0 0 0.338000
srv-53-07 quicksort_ws 12 2000000 0 0 0 0 0.495000
srv-53-07 quicksort 12 2000000 0 40 0 0 0.349000
srv-53-07 quicksort_ws 12 2000000 0 0 0 0 0.479000
srv-53-07 quicksort 12 2000000 0 40 0 0 0.346000
srv-53-07 quicksort_ws 12 2000000 0 0 0 0 0.460000
srv-53-07 quicksort 16 2000000 0 40 0 0 0.270000
srv-53-07 quicksort_ws 16 2000000 0 0 0 0 0.349000
srv-53-07 quicksort 16 2000000 0 40 0 0 0.269000
srv-53-07 quicksort_ws 16 2000000 0 0 0 0 0.381000
srv-53-07 quicksort 16 2000000 0 40 0 0 0.279000
srv-53-07 quicksort_ws 16 2000000 0 0 0 0 0.382000
srv-53-07 dmm 1 9 0 40 0 0 12.021000
srv-53-07 dmm_sq 1 9 0 0 0 0 11.506000
srv-53-07 dmm_ws 1 9 0 0 0 0 13.467000
srv-53-07 dmm 1 9 0 40 0 0 12.133000
srv-53-07 dmm_sq 1 9 0 0 0 0 11.527000
srv-53-07 dmm_ws 1 9 0 0 0 0 13.473000
srv-53-07 dmm 1 9 0 40 0 0 12.107000
srv-53-07 dmm_sq 1 9 0 0 0 0 11.527000
srv-53-07 dmm_ws 1 9 0 0 0 0 13.489000
srv-53-07 dmm 2 9 0 40 0 0 6.276000
srv-53-07 dmm_ws 2 9 0 0 0 0 6.974000
srv-53-07 dmm 2 9 0 40 0 0 6.373000
srv-53-07 dmm_ws 2 9 0 0 0 0 6.854000
srv-53-07 dmm 2 9 0 40 0 0 6.350000
srv-53-07 dmm_ws 2 9 0 0 0 0 6.908000
srv-53-07 dmm 4 9 0 40 0 0 3.427000
srv-53-07 dmm_ws 4 9 0 0 0 0 3.787000
srv-53-07 dmm 4 9 0 40 0 0 3.281000
srv-53-07 dmm_ws 4 9 0 0 0 0 3.741000
srv-53-07 dmm 4 9 0 40 0 0 3.438000
srv-53-07 dmm_ws 4 9 0 0 0 0 3.719000
srv-53-07 dmm 8 9 0 40 0 0 1.925000
srv-53-07 dmm_ws 8 9 0 0 0 0 2.199000
srv-53-07 dmm 8 9 0 40 0 0 1.991000
srv-53-07 dmm_ws 8 9 0 0 0 0 2.052000
srv-53-07 dmm 8 9 0 40 0 0 1.977000
srv-53-07 dmm_ws 8 9 0 0 0 0 1.991000
srv-53-07 dmm 12 9 0 40 0 0 1.415000
srv-53-07 dmm_ws 12 9 0 0 0 0 1.429000
srv-53-07 dmm 12 9 0 40 0 0 1.457000
srv-53-07 dmm_ws 12 9 0 0 0 0 1.395000
srv-53-07 dmm 12 9 0 40 0 0 1.480000
srv-53-07 dmm_ws 12 9 0 0 0 0 1.439000
srv-53-07 dmm 16 9 0 40 0 0 1.211000
srv-53-07 dmm_ws 16 9 0 0 0 0 1.286000
srv-53-07 dmm 16 9 0 40 0 0 1.149000
srv-53-07 dmm_ws 16 9 0 0 0 0 1.254000
srv-53-07 dmm 16 9 0 40 0 0 1.227000
srv-53-07 dmm_ws 16 9 0 0 0 0 1.198000
srv-53-07 smvm 1 50000000 0 40 0 0 5.872000
srv-53-07 smvm_sq 1 50000000 0 0 0 0 5.617000
srv-53-07 smvm_ws 1 50000000 0 0 0 0 28.440000
srv-53-07 smvm 1 50000000 0 40 0 0 5.947000
srv-53-07 smvm_sq 1 50000000 0 0 0 0 5.624000
srv-53-07 smvm_ws 1 50000000 0 0 0 0 28.490000
srv-53-07 smvm 1 50000000 0 40 0 0 5.923000
srv-53-07 smvm_sq 1 50000000 0 0 0 0 5.616000
srv-53-07 smvm_ws 1 50000000 0 0 0 0 28.443000
srv-53-07 smvm 2 50000000 0 40 0 0 3.267000
srv-53-07 smvm_ws 2 50000000 0 0 0 0 14.757000
srv-53-07 smvm 2 50000000 0 40 0 0 3.230000
srv-53-07 smvm_ws 2 50000000 0 0 0 0 14.936000
srv-53-07 smvm 2 50000000 0 40 0 0 3.917000
srv-53-07 smvm_ws 2 50000000 0 0 0 0 14.660000
srv-53-07 smvm 4 50000000 0 40 0 0 2.017000
srv-53-07 smvm_ws 4 50000000 0 0 0 0 7.629000
srv-53-07 smvm 4 50000000 0 40 0 0 1.897000
srv-53-07 smvm_ws 4 50000000 0 0 0 0 7.666000
srv-53-07 smvm 4 50000000 0 40 0 0 2.015000
srv-53-07 smvm_ws 4 50000000 0 0 0 0 8.209000
srv-53-07 smvm 8 50000000 0 40 0 0 1.133000
srv-53-07 smvm_ws 8 50000000 0 0 0 0 4.043000
srv-53-07 smvm 8 50000000 0 40 0 0 1.085000
srv-53-07 smvm_ws 8 50000000 0 0 0 0 4.147000
srv-53-07 smvm 8 50000000 0 40 0 0 1.019000
srv-53-07 smvm_ws 8 50000000 0 0 0 0 4.047000
srv-53-07 smvm 12 50000000 0 40 0 0 0.861000
srv-53-07 smvm_ws 12 50000000 0 0 0 0 2.770000
srv-53-07 smvm 12 50000000 0 40 0 0 0.750000
srv-53-07 smvm_ws 12 50000000 0 0 0 0 2.914000
srv-53-07 smvm 12 50000000 0 40 0 0 0.874000
srv-53-07 smvm_ws 12 50000000 0 0 0 0 2.772000
srv-53-07 smvm 16 50000000 0 40 0 0 0.673000
srv-53-07 smvm_ws 16 50000000 0 0 0 0 2.276000
srv-53-07 smvm 16 50000000 0 40 0 0 0.670000
srv-53-07 smvm_ws 16 50000000 0 0 0 0 2.272000
srv-53-07 smvm 16 50000000 0 40 0 0 0.673000
srv-53-07 smvm_ws 16 50000000 0 0 0 0 2.181000
